TIEMPO; X0004A  LV_BA; X0004B  LV_BB

0.0; 0.0; 0.0
0.0002; 0.0; 0.0
0.0004; 0.0; 0.0
0.0006; 0.0; 0.0
0.0008; 0.0; 0.0
0.001; 0.0; 0.0
0.0012; 0.0; 0.0
0.0014; 0.0; 0.0
0.0016; 0.0; 0.0
0.0018; 0.0; 0.0
0.002; 0.0; 0.0
0.0022; 0.0; 0.0
0.0024; 0.0; 0.0
0.0026; 0.0; 0.0
0.0028; 0.0; 0.0
0.003; 0.0; 0.0
0.0032; 0.0; 0.0
0.0034; 0.0; 0.0
0.0036; 0.0; 0.0
0.0038; 0.0; 0.0
0.004; 0.0; 0.0
0.0042; 0.0; 0.0
0.0044; 0.0; 0.0
0.0046; 0.0; 0.0
0.0048; 0.0; 0.0
0.005; 0.0; 0.0
0.0052; 0.0; 0.0
0.0054; 0.0; 0.0
0.0056; 0.0; 0.0
0.0058; 0.0; 0.0
0.006; 0.0; 0.0
0.0062; 0.0; 0.0
0.0064; 0.0; 0.0
0.0066; 0.0; 0.0
0.0068; 0.0; 0.0
0.007; 0.0; 0.0
0.0072; 0.0; 0.0
0.0074; 0.0; 0.0
0.0076; 0.0; 0.0
0.0078; 0.0; 0.0
0.008; 0.0; 0.0
0.0082; 0.0; 0.0
0.0084; 0.0; 0.0
0.0086; 0.0; 0.0
0.0088; 0.0; 0.0
0.009; 0.0; 0.0
0.0092; 0.0; 0.0
0.0094; 0.0; 0.0
0.0096; 0.0; 0.0
0.0098; 0.0; 0.0
0.01; 0.0; 0.0
0.0102; 0.0; 0.0
0.0104; 0.0; 0.0
0.0106; 0.0; 0.0
0.0108; 0.0; 0.0
0.011; 0.0; 0.0
0.0112; 0.0; 0.0
0.0114; 0.0; 0.0
0.0116; 0.0; 0.0
0.0118; 0.0; 0.0
0.012; 0.0; 0.0
0.0122; 0.0; 0.0
0.0124; 0.0; 0.0
0.0126; 0.0; 0.0
0.0128; 0.0; 0.0
0.013; 0.0; 0.0
0.0132; 0.0; 0.0
0.0134; 0.0; 0.0
0.0136; 0.0; 0.0
0.0138; 0.0; 0.0
0.014; 0.0; 0.0
0.0142; 0.0; 0.0
0.0144; 0.0; 0.0
0.0146; 0.0; 0.0
0.0148; 0.0; 0.0
0.015; 0.0; 0.0
0.0152; 0.0; 0.0
0.0154; 0.0; 0.0
0.0156; 0.0; 0.0
0.0158; 0.0; 0.0
0.016; 0.0; 0.0
0.0162; 0.0; 0.0
0.0164; 0.0; 0.0
0.0166; 0.0; 0.0
0.0168; 0.0; 0.0
0.017; 0.0; 0.0
0.0172; 0.0; 0.0
0.0174; 0.0; 0.0
0.0176; 0.0; 0.0
0.0178; 0.0; 0.0
0.018; 0.0; 0.0
0.0182; 0.0; 0.0
0.0184; 0.0; 0.0
0.0186; 0.0; 0.0
0.0188; 0.0; 0.0
0.019; 0.0; 0.0
0.0192; 0.0; 0.0
0.0194; 0.0; 0.0
0.0196; 0.0; 0.0
0.0198; 0.0; 0.0
0.02; 0.0; 0.0
0.0202; 0.0; 0.472528909
0.0204; 0.0; 1.00334121
0.0206; 0.0; 1.55775996
0.0208; 0.0; 2.13359354
0.021; 0.0; 2.72856581
0.0212; 0.0; 3.34032512
0.0214; 0.0; 3.96645353
0.0216; 0.0; 4.60447642
0.0218; 0.0; 5.25187223
0.022; 0.0; 5.90608239
0.0222; 0.0; 6.56452146
0.0224; 0.0; 7.2245873
0.0226; 0.0; 7.88367135
0.0228; 0.0; 8.53916891
0.023; 0.0; 9.18848948
0.0232; 0.0; 9.82906688
0.0234; 0.0; 10.4583695
0.0236; 0.0; 11.0739101
0.0238; 0.0; 11.673256
0.024; 0.0; 12.2540382
0.0242; 0.0; 12.8139609
0.0244; 0.0; 16.8764332
0.0246; 0.0; 21.5499158
0.0248; 0.0; 28.7404028
0.025; 0.0; 44.8104883
0.0252; 0.0; 77.5473563
0.0254; 0.0; 116.922382
0.0256; 0.0; 150.772894
0.0258; 0.0; 179.228656
0.026; 0.0; 205.229305
0.0262; 0.0; 229.558676
0.0264; 0.0; 252.972071
0.0266; 0.0; 275.383201
0.0268; 0.0; 296.708263
0.027; 0.0; 316.867506
0.0272; 0.0; 335.785605
0.0274; 0.0; 353.391967
0.0276; 0.0; 369.621019
0.0278; 0.0; 384.412465
0.028; 0.0; 397.711536
0.0282; 0.0; 409.469208
0.0284; 0.0; 419.642399
0.0286; 0.0; 428.194149
0.0288; 0.0; 435.093763
0.029; 0.0; 440.316965
0.0292; 0.0; 443.84616
0.0294; 0.0; 445.670151
0.0296; 0.0; 445.784317
0.0298; 0.0; 444.190671
0.03; 0.0; 440.897863
0.0302; 0.0; 435.921145
0.0304; 0.0; 429.282317
0.0306; 0.0; 421.009644
0.0308; 0.0; 411.137745
0.031; 0.0; 399.707463
0.0312; 0.0; 386.765705
0.0314; 0.0; 372.365259
0.0316; 0.0; 356.564592
0.0318; 0.0; 339.426298
0.032; 0.0; 321.020359
0.0322; 0.0; 301.421203
0.0324; 0.0; 278.644302
0.0326; 0.0; 253.609789
0.0328; 0.0; 224.812031
0.033; 0.0; 190.901558
0.0332; 0.0; 153.602565
0.0334; 0.0; 114.159597
0.0336; 0.0; 73.2930227
0.0338; 0.0; 35.0608405
0.034; 0.0; 16.092072
0.0342; 0.0; 7.97512938
0.0344; 0.0; 2.962802
0.0346; 0.0; -1.7678279
0.0348; 0.0; -2.9484634
0.035; 0.0; -3.4052365
0.0352; 0.0; -3.8310726
0.0354; 0.0; -4.2242926
0.0356; 0.0; -4.5833462
0.0358; 0.0; -4.9068178
0.036; 0.0; -5.1934325
0.0362; 0.0; -5.4420605
0.0364; 0.0; -5.6517222
0.0366; 0.0; -5.8215916
0.0368; 0.0; -5.951
0.037; 0.0; -6.0394379
0.0372; 0.0; -6.086558
0.0374; 0.0; -6.0921758
0.0376; 0.0; -6.0562707
0.0378; 0.0; -5.9789858
0.038; 0.0; -5.8606277
0.0382; 0.0; -5.701665
0.0384; 0.0; -5.5027266
0.0386; 0.0; -5.2645991
0.0388; 0.0; -4.9882237
0.039; 0.0; -4.6746928
0.0392; 0.0; -4.3252452
0.0394; 0.0; -3.9412615
0.0396; 0.0; -3.5242587
0.0398; 0.0; -3.0758839
0.04; 0.0; -2.5979083
0.0402; 9.50021389; -6.8465698
0.0404; 9.95296414; -6.5445862
0.0406; 10.3663969; -6.1993934
0.0408; 10.7387718; -5.8029894
0.041; 11.068623; -5.3725618
0.0412; 11.3546467; -4.9034315
0.0414; 11.595714; -4.3974476
0.0416; 11.7908729; -3.8566087
0.0418; 11.9393531; -3.283051
0.042; 12.0405683; -2.6790398
0.0422; 12.0941186; -2.0469606
0.0424; 12.0997924; -1.3893097
0.0426; 12.057567; -0.70868436
0.0428; 11.9676087; -0.00777237
0.043; 11.8302722; 0.710658294
0.0432; 12.8068868; 1.44374214
0.0434; 16.2964711; 2.18640399
0.0436; 19.6061778; 2.93321118
0.0438; 25.1265721; 3.68363855
0.044; 35.830786; 4.44602726
0.0442; 50.4194037; 5.1940271
0.0444; 78.4364483; 5.96764961
0.0446; 103.668963; 6.71174125
0.0448; 125.015612; 7.47416784
0.045; 143.856582; 8.20592093
0.0452; 158.69467; 8.92275662
0.0454; 171.004578; 9.62168879
0.0456; 181.101158; 11.1193174
0.0458; 188.445866; 15.6128334
0.046; 193.450284; 20.0486861
0.0462; 196.018349; 27.2574008
0.0464; 196.017403; 42.5744271
0.0466; 193.002544; 71.3443095
0.0468; 186.962476; 109.680199
0.047; 178.735554; 146.262084
0.0472; 168.045854; 180.621812
0.0474; 155.107725; 211.881204
0.0476; 139.588378; 238.981781
0.0478; 119.759985; 261.707467
0.048; 96.580318; 280.779109
0.0482; 70.1289893; 297.695236
0.0484; 40.8565793; 312.099529
0.0486; 23.0109604; 323.935135
0.0488; 9.84614054; 333.694164
0.049; 3.41357282; 341.124291
0.0492; -1.1226343; 346.668498
0.0494; -5.2348296; 350.419913
0.0496; -8.3657156; 352.349332
0.0498; -8.9254387; 352.300827
0.05; -9.4517713; 350.506921
0.0502; -10.498115; 347.509778
0.0504; -14.436526; 345.468926
0.0506; -18.206929; 341.619266
0.0508; -23.389835; 337.46451
0.051; -31.392008; 334.305712
0.0512; -45.053145; 333.442932
0.0514; -68.583657; 339.883159
0.0516; -94.850137; 345.585986
0.0518; -117.66319; 344.959762
0.052; -136.81627; 335.739714
0.0522; -152.71106; 320.145368
0.0524; -165.1478; 298.292081
0.0526; -175.54173; 272.636997
0.0528; -183.84162; 243.447811
0.053; -189.59272; 217.406243
0.0532; -191.80691; 202.439491
0.0534; -190.97073; 194.424483
0.0536; -187.75622; 186.466764
0.0538; -182.38533; 176.764794
0.054; -174.74957; 167.21118
0.0542; -164.93633; 157.038724
0.0544; -152.47258; 144.258477
0.0546; -136.86048; 128.374133
0.0548; -119.19496; 110.481928
0.055; -98.294641; 89.416372
0.0552; -74.891566; 65.8797599
0.0554; -48.922568; 39.823569
0.0556; -34.118433; 24.9921983
0.0558; -21.566028; 12.4583763
0.056; -16.195169; 6.34155703
0.0562; -12.269882; 1.70592313
0.0564; -8.6724017; -2.2797077
0.0566; -5.2111643; -5.8143613
0.0568; -4.4472368; -6.3168685
0.057; -3.4195823; -6.7832105
0.0572; -2.1148229; -7.2106604
0.0574; -0.54095385; -7.5974915
0.0576; 0.953045848; -7.9422888
0.0578; 1.70168263; -8.2436405
0.058; 2.442756; -8.5003567
0.0582; 3.20739881; -8.7114595
0.0584; 3.93178846; -8.8759409
0.0586; 4.64016399; -8.9933872
0.0588; 5.3484085; -9.063211
0.059; 6.01962744; -9.0851915
0.0592; 6.66677553; -9.0592173
0.0594; 7.28729799; -8.9853914
0.0596; 7.87874509; -8.864006
0.0598; 8.43878187; -8.6955407
0.06; 8.96519732; -8.480661
0.0602; 9.45591315; -8.2222822
0.0604; 9.90899192; -7.9197388
0.0606; 10.3226447; -7.5740593
0.0608; 10.6952383; -7.1866133
0.061; 11.0253013; -6.7589353
0.0612; 11.3115301; -6.2793828
0.0614; 11.5527948; -5.7732005
0.0616; 11.7481422; -5.2321554
0.0618; 11.8830293; -4.6446038
0.062; 11.9847881; -4.0407482
0.0622; 12.039043; -3.4089908
0.0624; 12.0359243; -2.7421688
0.0626; 11.9860726; -2.0535492
0.0628; 12.3227134; -1.7788826
0.063; 12.7760638; -1.6507937
0.0632; 12.9195322; -1.2449892
0.0634; 12.7556954; -0.56625865
0.0636; 13.602963; 0.388372614
0.0638; 16.1949979; 1.64456237
0.064; 18.4132484; 3.07738566
0.0642; 22.9243726; 3.8315158
0.0644; 29.9070249; 4.57944468
0.0646; 41.3332956; 5.32365982
0.0648; 58.65971; 6.0936189
0.065; 80.0438395; 6.82205189
0.0652; 98.7062767; 7.55001273
0.0654; 114.485423; 8.25278109
0.0656; 126.809061; 8.93143501
0.0658; 136.711432; 9.58693974
0.066; 144.136562; 10.2166404
0.0662; 148.916303; 11.2222194
0.0664; 150.88101; 15.5740134
0.0666; 150.510934; 19.82232
0.0668; 147.641865; 26.2162835
0.067; 141.897341; 38.4432122
0.0672; 132.767245; 58.6540452
0.0674; 119.737755; 93.304812
0.0676; 104.486844; 126.044807
0.0678; 86.4769136; 156.516411
0.068; 65.3378354; 183.786465
0.0682; 41.8091709; 208.11936
0.0684; 25.8221969; 228.485157
0.0686; 12.7737621; 244.241023
0.0688; 6.18459262; 257.039562
0.069; 1.00503473; 266.721858
0.0692; -2.9499827; 273.667747
0.0694; -7.0121762; 278.656071
0.0696; -8.2526767; 281.43921
0.0698; -8.8126574; 282.187869
0.07; -9.3390174; 280.98634
0.0702; -9.8296784; 277.855272
0.0704; -10.904624; 273.407738
0.0706; -14.687199; 269.579321
0.0708; -18.296892; 262.835171
0.071; -22.958876; 254.620587
0.0712; -28.88152; 245.590076
0.0714; -41.249863; 238.168215
0.0716; -56.313119; 230.757635
0.0718; -79.109634; 226.829294
0.072; -99.4644; 217.95077
0.0722; -116.46205; 203.463347
0.0724; -130.81679; 184.150588
0.0726; -142.15628; 168.980331
0.0728; -149.79478; 160.881548
0.073; -154.06214; 158.16694
0.0732; -155.7402; 155.055907
0.0734; -155.09161; 150.15756
0.0736; -151.93662; 144.449831
0.0738; -146.23644; 138.308897
0.074; -137.83967; 129.511213
0.0742; -127.14405; 118.456407
0.0744; -114.19106; 105.187244
0.0746; -98.319754; 89.0426957
0.0748; -79.624406; 70.1393297
0.075; -58.675924; 49.0067572
0.0752; -40.992006; 31.2073461
0.0754; -29.871161; 19.4073991
0.0756; -22.614394; 10.4885457
0.0758; -18.128029; 4.67575837
0.076; -15.291417; 0.851071556
0.0762; -12.0994; -3.0082238
0.0764; -9.4122948; -6.0668185
0.0766; -8.9135667; -6.6050122
0.0768; -8.1453489; -7.1083005
0.077; -7.1113382; -7.5745527
0.0772; -5.8160641; -8.0019297
0.0774; -4.2651386; -8.3887453
0.0776; -2.4574748; -8.7326013
0.0778; -0.35768519; -9.033753
0.078; 1.95762677; -9.2912866
0.0782; 3.18768478; -9.5022382
0.0784; 3.92635764; -9.6666964
0.0786; 4.65080512; -9.7840277
0.0788; 5.3404374; -9.8537911
0.079; 6.02881283; -9.8756553
0.0792; 6.6759619; -9.849592
0.0794; 7.29648547; -9.7722415
0.0796; 7.88793381; -9.649557
0.0798; 8.44797201; -9.4826737
0.08; 8.97438899; -9.2695702
0.0802; 9.46510642; -9.011159
0.0804; 9.91818684; -8.7084096
0.0806; 10.3318413; -8.3625164
0.0808; 10.7044366; -7.9748493
0.081; 11.0345014; -7.5469429
0.0812; 11.3207322; -7.0804909
0.0814; 11.5555554; -6.5555787
0.0816; 11.7412495; -6.0055065
0.0818; 11.8900668; -5.4317971
0.082; 11.9782014; -4.8142122
0.0822; 12.9629039; -5.112793
0.0824; 14.3270352; -5.8131289
0.0826; 15.3892467; -6.2364774
0.0828; 16.1375179; -6.3733825
0.083; 16.5841757; -6.238467
0.0832; 16.7227196; -5.8276415
0.0834; 16.5547135; -5.1446318
0.0836; 16.0865067; -4.1977687
0.0838; 16.256977; -2.9813377
0.084; 18.4071242; -1.4799456
0.0842; 20.0568631; 0.310596224
0.0844; 22.3462406; 2.3733683
0.0846; 25.2341405; 4.56079014
0.0848; 35.0929291; 5.27977664
0.085; 44.4545343; 6.04169681
0.0852; 62.2093041; 6.75076186
0.0854; 78.6506479; 7.47011589
0.0856; 92.4597324; 8.14897553
0.0858; 103.432301; 8.80457128
0.086; 111.332426; 9.43437045
0.0862; 116.644306; 10.0358834
0.0864; 119.472285; 10.6067314
0.0866; 119.749949; 12.1403421
0.0868; 117.310548; 16.2843801
0.087; 112.454255; 20.2879095
0.0872; 105.013871; 26.4592917
0.0874; 94.6223893; 37.6932122
0.0876; 80.8349212; 53.6362608
0.0878; 62.7620378; 84.9925381
0.088; 42.4564263; 113.976085
0.0882; 28.0179896; 139.620196
0.0884; 16.5803322; 161.868931
0.0886; 8.72334403; 180.952799
0.0888; 3.05245244; 196.286083
0.089; -0.65162882; 208.654222
0.0892; -4.4761892; 218.343195
0.0894; -7.5920145; 224.610269
0.0896; -8.1833853; 228.405504
0.0898; -8.7433818; 229.930311
0.09; -9.2697575; 229.201023
0.0902; -9.7604341; 226.242464
0.0904; -10.213474; 221.087854
0.0906; -12.158591; 214.915968
0.0908; -15.735895; 207.232146
0.091; -19.06653; 196.959191
0.0912; -23.81249; 185.203762
0.0914; -29.42601; 171.249952
0.0916; -40.792901; 159.817725
0.0918; -52.472135; 145.993126
0.092; -73.086582; 137.597694
0.0922; -91.268343; 125.081195
0.0924; -105.03615; 124.311837
0.0926; -115.18841; 123.637273
0.0928; -122.4115; 124.637089
0.093; -126.90061; 125.040683
0.0932; -128.90448; 122.873726
0.0934; -128.19263; 120.66594
0.0936; -124.91258; 116.90691
0.0938; -119.20592; 110.759535
0.094; -111.11904; 102.271948
0.0942; -100.60058; 91.3890975
0.0944; -87.091566; 77.5687915
0.0946; -70.970413; 61.1943271
0.0948; -52.525876; 42.5237354
0.095; -39.712306; 29.5459153
0.0952; -30.256173; 18.6941914
0.0954; -24.185747; 10.6778892
0.0956; -20.303367; 5.19691243
0.0958; -17.761311; 1.38494031
0.096; -15.001057; -2.3539706
0.0962; -11.998217; -6.0355239
0.0964; -11.777152; -6.5959162
0.0966; -11.273907; -7.1341943
0.0968; -10.506463; -7.63746
0.097; -9.4676438; -8.1035897
0.0972; -8.1681196; -8.5309355
0.0974; -6.612961; -8.9176921
0.0976; -4.8087708; -9.2623611
0.0978; -2.7631499; -9.5635824
0.098; -0.4116643; -9.8200082
0.0982; 2.13669783; -10.030984
0.0984; 3.9252511; -10.195392
0.0986; 4.66862063; -10.312621
0.0988; 5.35823429; -10.370453
0.099; 6.04568065; -10.392896
0.0992; 6.69271068; -10.367846
0.0994; 7.31323168; -10.295087
0.0996; 7.90467753; -10.174967
0.0998; 8.46471326; -10.007963
0.1; 8.99112784; -9.8192447
0.1002; 9.48184296; -9.5391144
0.1004; 9.93492114; -9.2396329
0.1006; 10.3485735; -8.8972782
0.1008; 10.7211665; -8.5010082
0.101; 11.0512292; -8.0729701
0.1012; 11.337458; -7.6063836
0.1014; 11.5612553; -7.0856891
0.1016; 11.7566073; -6.5314328
0.1018; 11.9784643; -6.0288722
0.102; 13.9278368; -7.2742774
0.1022; 15.5852443; -8.2455196
0.1024; 16.9314273; -8.9278053
0.1026; 17.9609979; -9.3185745
0.1028; 18.7041878; -9.4502277
0.103; 19.1439258; -9.3083763
0.1032; 19.2789498; -8.8939774
0.1034; 19.1092759; -8.2092178
0.1036; 18.6361921; -7.257418
0.1038; 17.8619688; -6.0427396
0.104; 18.5118467; -4.5565141
0.1042; 20.2075175; -2.7975597
0.1044; 21.3627216; -0.76091127
0.1046; 23.3837178; 1.54567913
0.1048; 25.4734215; 4.08494039
0.105; 33.7446202; 5.48600482
0.1052; 42.0491664; 6.23674993
0.1054; 54.9150425; 6.93273435
0.1056; 68.9657633; 7.62868232
0.1058; 80.3513951; 8.28433084
0.106; 89.0666516; 8.91416921
0.1062; 94.9136901; 9.51574009
0.1064; 98.0868418; 10.0866611
0.1066; 98.6707295; 10.6246918
0.1068; 96.8016553; 11.1853155
0.107; 92.1883295; 15.1897228
0.1072; 84.8856211; 19.0409049
0.1074; 74.8210765; 23.9783917
0.1076; 61.9509704; 30.8430012
0.1078; 45.9384339; 44.666188
0.108; 31.6019637; 65.5078269
0.1082; 21.2696881; 91.3340235
0.1084; 11.5509307; 114.359069
0.1086; 6.22021925; 134.183754
0.1088; 1.72579883; 150.636053
0.109; -1.9357498; 164.328498
0.1092; -5.7153542; 175.031277
0.1094; -7.5438877; 182.503934
0.1096; -8.1353014; 187.273192
0.1098; -8.6953053; 189.488496
0.11; -9.2216885; 189.163761
0.1102; -9.7123726; 186.320138
0.1104; -10.16542; 180.990942
0.1106; -10.579042; 173.219433
0.1108; -13.832229; 165.320887
0.111; -17.181234; 154.594898
0.1112; -20.404823; 141.255478
0.1114; -25.440658; 126.784126
0.1116; -32.274938; 111.297408
0.1118; -42.667839; 96.5511406
0.112; -53.898199; 84.8146123
0.1122; -70.711036; 87.9203238
0.1124; -84.418418; 92.5809893
0.1126; -94.999511; 97.3476462
0.1128; -102.43702; 100.822947
0.113; -107.15396; 101.464425
0.1132; -109.16225; 101.781612
0.1134; -108.55943; 100.663473
0.1136; -105.49029; 97.1153893
0.1138; -99.991954; 91.1763827
0.114; -91.845478; 82.6290766
0.1142; -80.905762; 71.3301264
0.1144; -67.390357; 57.4985852
0.1146; -51.433644; 41.2894657
0.1148; -40.704477; 30.3330119
0.115; -32.010446; 20.519425
0.1152; -25.738599; 12.0122261
0.1154; -22.494637; 6.86351238
0.1156; -19.825371; 2.64889874
0.1158; -17.505523; -0.94753653
0.116; -14.809927; -4.664444
0.1162; -14.326576; -6.4042125
0.1164; -14.473125; -6.9753765
0.1166; -14.140086; -7.5136152
0.1168; -13.347072; -8.0169103
0.117; -12.084524; -8.4828316
0.1172; -10.337118; -8.9101905
0.1174; -8.2804773; -9.2969397
0.1176; -6.4737302; -9.6415726
0.1178; -4.4255493; -9.9427528
0.118; -2.1021932; -10.199335
0.1182; 0.464928062; -10.410075
0.1184; 3.23442541; -10.574474
0.1186; 4.6819028; -10.676198
0.1188; 5.37382211; -10.747357
0.119; 6.04193232; -10.984508
0.1192; 6.70777938; -12.163146
0.1194; 7.32829965; -13.020859
0.1196; 7.91974492; -13.579336
0.1198; 8.47978015; -13.827394
0.12; 9.00619428; -13.764373
0.1202; 9.49690897; -13.39092
0.1204; 9.94998675; -12.708797
0.1206; 10.3636387; -11.721012
0.1208; 10.7362315; -10.431783
0.121; 11.0662938; -8.8465193
0.1212; 11.334394; -7.9624675
0.1214; 11.5754162; -7.4588454
0.1216; 11.7539057; -6.9039537
0.1218; 13.8697483; -8.2824143
0.122; 15.8152776; -9.522138
0.1222; 17.4528275; -10.473652
0.1224; 18.7705311; -11.127283
0.1226; 19.8113006; -11.529094
0.1228; 20.5511394; -11.657432
0.123; 21.410349; -11.935016
0.1232; 21.7836845; -11.75889
0.1234; 21.6510014; -11.111013
0.1236; 21.0108416; -9.9922103
0.1238; 19.8519564; -8.392794
0.124; 18.672999; -6.7639123
0.1242; 20.3343806; -5.0060787
0.1244; 21.5460033; -3.0026509
0.1246; 22.2236659; -0.71443438
0.1248; 24.3356116; 1.84036846
0.125; 26.6416322; 4.61147479
0.1252; 34.5312544; 5.85857876
0.1254; 41.7043772; 6.56147784
0.1256; 52.2823769; 7.2391662
0.1258; 63.8117883; 7.91435158
0.126; 72.6832074; 8.54423208
0.1262; 78.8716254; 9.14581922
0.1264; 82.3569787; 9.71666716
0.1266; 83.1525998; 10.2547885
0.1268; 81.3933126; 10.7577808
0.127; 77.0460386; 11.4952692
0.1272; 69.6945658; 15.3873141
0.1274; 59.8056217; 19.0605313
0.1276; 47.3285331; 23.6896754
0.1278; 34.5391388; 29.4028034
0.128; 25.990046; 41.8485767
0.1282; 16.2806345; 56.3064241
0.1284; 9.6099214; 79.5540476
0.1286; 4.34000607; 99.658523
0.1288; 0.725681824; 116.923517
0.129; -2.9183526; 131.051261
0.1292; -6.6808147; 142.325356
0.1294; -7.5107802; 150.572325
0.1296; -8.1021989; 156.038546
0.1298; -8.6622079; 158.769001
0.13; -9.1885959; 158.786844
0.1302; -9.679285; 156.168265
0.1304; -10.132337; 150.796644
0.1306; -10.545964; 142.793168
0.1308; -12.411464; 133.543848
0.131; -15.796964; 123.139275
0.1312; -18.902207; 109.563618
0.1314; -22.948218; 94.2883453
0.1316; -27.518068; 77.0130959
0.1318; -36.283855; 66.7298551
0.132; -45.004485; 63.2662816
0.1322; -55.169811; 64.4289761
0.1324; -68.72846; 72.043746
0.1326; -79.362766; 78.8337977
0.1328; -87.283092; 82.8091019
0.133; -92.25482; 85.1503913
0.1332; -94.397269; 86.7431867
0.1334; -93.951518; 85.7822406
0.1336; -91.003513; 82.3536668
0.1338; -85.368849; 76.279858
0.134; -77.0613; 67.5715401
0.1342; -66.15198; 56.3031233
0.1344; -52.7577; 42.6108171
0.1346; -42.766126; 32.3487563
0.1348; -34.285468; 23.6320433
0.135; -26.991281; 13.8871467
0.1352; -24.449242; 9.15183454
0.1354; -21.464904; 4.28943303
0.1356; -19.624877; 0.910153823
0.1358; -17.557893; -2.6683821
0.136; -15.931586; -6.0828021
0.1362; -16.533972; -6.6860704
0.1364; -16.66864; -7.2570534
0.1366; -16.330444; -7.7952687
0.1368; -15.533603; -8.298505
0.137; -14.287796; -8.7646521
0.1372; -12.550695; -9.1918173
0.1374; -10.340354; -9.5786513
0.1376; -7.6959076; -9.9229147
0.1378; -5.6436989; -10.2242
0.138; -3.3280811; -10.478777
0.1382; -0.76052395; -10.691464
0.1384; 2.01199313; -10.839446
0.1386; 4.67932307; -10.956813
0.1388; 5.38674349; -12.441902
0.139; 6.05485443; -13.907519
0.1392; 6.72044924; -15.078264
0.1394; 7.3409683; -15.941999
0.1396; 7.93241235; -16.497192
0.1398; 8.49244638; -16.741969
0.14; 9.01885936; -16.675672
0.1402; 9.50957295; -16.307834
0.1404; 9.96264962; -15.61678
0.1406; 10.3763005; -14.625816
0.1408; 10.7488922; -13.333405
0.141; 11.0789535; -11.744956
0.1412; 11.3463101; -9.845072
0.1414; 11.5873839; -7.738883
0.1416; 13.0421857; -8.4560416
0.1418; 15.2733673; -9.9679074
0.142; 17.2182431; -11.189885
0.1422; 18.8135968; -12.099011
0.1424; 20.1488079; -12.770277
0.1426; 21.5988338; -13.581318
0.1428; 22.9882777; -14.359236
0.143; 23.8679713; -14.65727
0.1432; 24.226425; -14.466259
0.1434; 24.0921392; -13.816891
0.1436; 23.4726817; -12.718674
0.1438; 22.3232508; -11.128653
0.144; 20.6537826; -9.058616
0.1442; 20.4611384; -6.652366
0.1444; 21.681496; -4.6462368
0.1446; 22.3661023; -2.4016721
0.1448; 23.5052667; 0.174976988
0.145; 24.9380514; 2.93667922
0.1452; 29.0151605; 5.57729781
0.1454; 36.2570262; 6.29138172
0.1456; 42.274339; 6.96712524
0.1458; 51.6061629; 7.64140553
0.146; 60.591794; 8.27131799
0.1462; 66.8930331; 8.87293648
0.1464; 70.5095902; 9.44388647
0.1466; 71.4515295; 9.9819138
0.1468; 69.77426; 10.4849631
0.147; 65.4492686; 10.9508426
0.1472; 58.4148315; 12.6870509
0.1474; 48.636571; 16.3663084
0.1476; 36.7462923; 19.85081
0.1478; 29.8086999; 24.593034
0.148; 21.5928748; 30.2555698
0.1482; 12.8069503; 41.8215808
0.1484; 8.16976454; 53.460912
0.1486; 3.35685404; 73.8878439
0.1488; -0.05933913; 91.3464657
0.149; -3.6687517; 106.001847
0.1492; -6.8475738; 117.658729
0.1494; -7.4868635; 126.095206
0.1496; -8.0782862; 131.784716
0.1498; -8.6382991; 134.736155
0.15; -9.1646911; 134.960121
0.1502; -9.6553838; 132.476905
0.1504; -10.10844; 127.317907
0.1506; -10.52207; 119.525137
0.1508; -11.347377; 109.557295
0.151; -14.731376; 99.01104
0.1512; -17.842664; 85.5998382
0.1514; -21.081545; 69.7984066
0.1516; -25.645084; 57.3731936
0.1518; -31.121891; 51.853674
0.152; -39.823561; 50.7937926
0.1522; -47.072257; 52.4768703
0.1524; -56.671646; 57.7670647
0.1526; -67.413895; 64.6976332
0.1528; -75.471967; 68.8185643
0.153; -80.517482; 73.2052096
0.1532; -82.825561; 74.9636803
0.1534; -82.460482; 74.0833384
0.1536; -79.498151; 70.6420966
0.1538; -73.827061; 64.5302684
0.154; -65.554722; 55.8572709
0.1542; -54.748537; 44.6920129
0.1544; -45.077224; 34.7242415
0.1546; -37.785242; 27.1607831
0.1548; -30.254821; 18.4290107
0.155; -26.062765; 11.7675738
0.1552; -23.45099; 6.9679616
0.1554; -21.290166; 2.98099076
0.1556; -19.44836; -0.42873284
0.1558; -18.152856; -3.9951129
0.156; -17.612819; -6.2993323
0.1562; -18.196528; -6.901174
0.1564; -18.297326; -7.472329
0.1566; -17.95558; -8.0105338
0.1568; -17.156904; -8.5136915
0.157; -15.906145; -8.9798146
0.1572; -14.209843; -9.4070641
0.1574; -12.003148; -9.7936414
0.1576; -9.3278302; -10.138162
0.1578; -6.5520448; -10.439274
0.158; -4.2675579; -10.695761
0.1582; -1.6737866; -10.891532
0.1584; 1.09904243; -11.053447
0.1586; 4.10625439; -12.892936
0.1588; 5.39835678; -14.658978
0.159; 6.06653853; -16.133544
0.1592; 6.73180622; -17.302446
0.1594; 7.3523231; -18.163697
0.1596; 7.94376503; -18.716403
0.1598; 8.50379699; -18.958696
0.16; 9.03020795; -18.889552
0.1602; 9.52091956; -18.51949
0.1604; 9.97399434; -17.845405
0.1606; 10.3876433; -16.842516
0.1608; 10.7602333; -15.547888
0.161; 11.0902928; -13.957205
0.1612; 11.3571432; -12.053261
0.1614; 11.6312173; -9.8938155
0.1616; 14.1230621; -9.7404248
0.1618; 16.3534095; -11.247813
0.162; 18.2771514; -12.449176
0.1622; 19.8757086; -13.36144
0.1624; 21.6061613; -14.427952
0.1626; 23.4963317; -15.679116
0.1628; 24.8606702; -16.431992
0.163; 25.729211; -16.718782
0.1632; 26.0817643; -16.521797
0.1634; 25.947625; -15.872586
0.1636; 25.3231407; -14.769319
0.1638; 24.2124963; -13.218155
0.164; 22.5450118; -11.150044
0.1642; 21.2587763; -8.6028352
0.1644; 21.7889261; -5.8994012
0.1646; 22.478776; -3.6572714
0.1648; 22.8944858; -1.0947619
0.165; 24.3360621; 1.66492198
0.1652; 25.5399411; 4.64643168
0.1654; 32.1159203; 6.08401744
0.1656; 38.1863224; 6.75971067
0.1658; 42.9075251; 7.43377137
0.166; 51.4367372; 8.06370996
0.1662; 57.8226697; 8.66535247
0.1664; 61.5230766; 9.23632644
0.1666; 62.5480284; 9.77437769
0.1668; 60.9179134; 10.277382
0.167; 56.6633589; 10.7433535
0.1672; 49.8251134; 11.1704524
0.1674; 40.1936649; 14.3180226
0.1676; 33.1198118; 17.7660336
0.1678; 26.2287196; 20.9895871
0.168; 18.0315588; 26.1017731
0.1682; 11.5274685; 32.9893723
0.1684; 6.87203047; 43.2152806
0.1686; 2.76035427; 54.0703115
0.1688; -0.65238826; 71.7257877
0.169; -4.2511219; 86.5446467
0.1692; -6.8327535; 98.4888208
0.1694; -7.4685397; 107.287
0.1696; -8.0599652; 113.148508
0.1698; -8.6199807; 116.269137
0.17; -9.1463753; 116.66004
0.1702; -9.6370706; 114.342105
0.1704; -10.090129; 109.346899
0.1706; -10.503762; 101.71645
0.1708; -10.852339; 91.2021589
0.171; -13.909883; 80.453466
0.1712; -17.059936; 67.2495305
0.1714; -19.940881; 53.8538604
0.1716; -24.0778; 48.1702757
0.1718; -28.003678; 41.2066661
0.172; -35.670232; 43.6068302
0.1722; -42.960019; 45.9480056
0.1724; -48.830552; 48.214967
0.1726; -58.155213; 53.7487975
0.1728; -66.176289; 59.2852955
0.173; -71.291108; 63.8183151
0.1732; -73.694244; 65.671832
0.1734; -73.416408; 64.8787796
0.1736; -70.475058; 61.4584567
0.1738; -64.874824; 55.4175798
0.174; -56.684346; 46.8264611
0.1742; -47.266331; 37.0492359
0.1744; -41.287393; 30.7743398
0.1746; -33.930652; 23.1456915
0.1748; -27.194648; 14.4532526
0.175; -25.273821; 10.0588396
0.1752; -22.664359; 5.26841275
0.1754; -21.164098; 1.95905594
0.1756; -19.887559; -1.459304
0.1758; -18.599551; -5.0271219
0.176; -18.873389; -6.4664645
0.1762; -19.433487; -7.0682496
0.1764; -19.548065; -7.639365
0.1766; -19.202442; -8.1775516
0.1768; -18.399907; -8.6806908
0.177; -17.145308; -9.1467955
0.1772; -15.445185; -9.5740266
0.1774; -13.257215; -9.9607293
0.1776; -10.589716; -10.305005
0.1778; -7.4857856; -10.606199
0.178; -4.9613498; -10.862653
0.1782; -2.3963972; -11.055118
0.1784; 0.411869569; -12.522846
0.1786; 3.41643951; -14.618214
0.1788; 5.4083924; -16.384776
0.179; 6.07654932; -17.855252
0.1792; 6.74156034; -19.022954
0.1794; 7.36207541; -19.88226
0.1796; 7.95351548; -20.838745
0.1798; 8.51354563; -21.396505
0.18; 9.03995481; -21.438636
0.1802; 9.53066466; -20.966106
0.1804; 9.98373773; -19.981808
0.1806; 10.3973851; -18.554676
0.1808; 10.7699734; -17.247309
0.181; 11.0808544; -15.635317
0.1812; 11.3665138; -13.747599
0.1814; 12.4456981; -12.409018
0.1816; 14.948181; -12.209487
0.1818; 17.1913225; -12.238675
0.182; 19.1118809; -13.437769
0.1822; 20.7153674; -14.354559
0.1824; 23.0822657; -16.057636
0.1826; 24.96895; -17.305299
0.1828; 26.3166518; -18.041443
0.183; 27.145231; -18.288369
0.1832; 27.4988541; -18.092482
0.1834; 27.3599622; -17.43842
0.1836; 26.7308761; -16.330535
0.1838; 25.6156526; -14.774776
0.184; 23.9715862; -12.729952
0.1842; 21.9706889; -10.207898
0.1844; 22.1918044; -7.1843614
0.1846; 22.5895139; -4.6154719
0.1848; 22.7456355; -2.0864823
0.185; 23.8997464; 0.68859861
0.1852; 24.598341; 3.66563872
0.1854; 28.9420437; 5.92467875
0.1856; 35.0728754; 6.60064943
0.1858; 39.8417697; 7.27435674
0.186; 44.388923; 7.90470792
0.1862; 50.841723; 8.50574805
0.1864; 54.6061509; 9.07673915
0.1866; 55.6945192; 9.61480754
0.1868; 54.1272217; 10.117829
0.187; 49.9348915; 10.5838176
0.1872; 43.1582825; 11.0109337
0.1874; 36.0030175; 12.7245639
0.1876; 30.345986; 16.1606979
0.1878; 23.3970182; 19.3401255
0.188; 15.2802793; 23.3476838
0.1882; 10.49668; 27.964025
0.1884; 5.87321801; 36.4270922
0.1886; 2.22748547; 45.4622241
0.1888; -1.1092109; 56.5410336
0.189; -4.7038598; 71.4848789
0.1892; -6.8360612; 83.5099275
0.1894; -7.4545918; 92.5229759
0.1896; -8.0460192; 98.7119637
0.1898; -8.6060367; 101.960109
0.19; -9.1324333; 102.480063
0.1902; -9.6231305; 100.29
0.1904; -10.076191; 95.4214911
0.1906; -10.489826; 87.7013929
0.1908; -10.862402; 77.276413
0.191; -13.275168; 66.069021
0.1912; -16.431791; 53.1308014
0.1914; -19.243628; 47.1620503
0.1916; -22.839655; 40.9858773
0.1918; -26.73461; 37.4554546
0.192; -32.442314; 38.0147021
0.1922; -39.755995; 41.3784042
0.1924; -45.676321; 43.701536
0.1926; -50.933086; 45.2064718
0.1928; -58.906196; 51.8898854
0.193; -64.089038; 56.4909512
0.1932; -66.559548; 58.4118543
0.1934; -66.332611; 57.6696498
0.1936; -63.433518; 54.2916627
0.1938; -57.897868; 48.3153815
0.194; -49.771427; 39.7883128
0.1942; -44.292142; 33.9498792
0.1944; -38.231773; 27.5932144
0.1946; -30.910563; 20.0007041
0.1948; -26.519512; 13.0578129
0.195; -24.63416; 8.70819578
0.1952; -22.40735; 4.3245611
0.1954; -21.062819; 1.15882856
0.1956; -20.23348; -2.2676947
0.1958; -18.94386; -5.8353251
0.196; -19.871333; -6.5971519
0.1962; -20.411828; -7.198929
0.1964; -21.314711; -7.7700408
0.1966; -21.518499; -8.3082187
0.1968; -20.567969; -8.8113496
0.197; -18.473351; -9.2774464
0.1972; -16.403955; -9.7046301
0.1974; -14.263756; -10.091287
0.1976; -11.59407; -10.435731
0.1978; -8.4615022; -10.736762
0.198; -5.4986321; -10.993205
0.1982; -2.9340119; -11.493379
0.1984; -0.11699513; -13.870183
0.1986; 2.88905006; -15.942268
0.1988; 5.41702354; -17.729894
0.199; 6.08494892; -19.19889
0.1992; 6.74977202; -20.491299
0.1994; 7.37028586; -22.052917
0.1996; 7.9617245; -23.120541
0.1998; 8.52175323; -23.673672
0.2; 9.04816101; -23.711185
