time,volts
0.000000000000000000e+00 1.650000000000000000e+01
3.401360544217686840e-04 2.023785194151941980e+01
6.802721088435373679e-04 2.300640804922173288e+01
1.020408163265305998e-03 2.454339949087827222e+01
1.360544217687074736e-03 2.474013491084690841e+01
1.700680272108843474e-03 2.365263736587447596e+01
2.040816326530611995e-03 2.149049598210709178e+01
2.380952380952380733e-03 1.858521258981368618e+01
2.721088435374149472e-03 1.534269806088775034e+01
3.061224489795918210e-03 1.218676610759693624e+01
3.401360544217686948e-03 9.501671419625555615e+00
3.741496598639455686e-03 7.581776519850135010e+00
4.081632653061223991e-03 6.595308700106781608e+00
4.421768707482992729e-03 6.567054154385487230e+00
4.761904761904761467e-03 7.382043386606414792e+00
5.102040816326530205e-03 8.809219815153582545e+00
5.442176870748298943e-03 1.054119920156224843e+01
5.782312925170067681e-03 1.224394008746452478e+01
6.122448979591836420e-03 1.360878478217581744e+01
6.462585034013605158e-03 1.439908958411424145e+01
6.802721088435373896e-03 1.448457004049909358e+01
7.142857142857142634e-03 1.385840190522336712e+01
7.482993197278911372e-03 1.263475335063133187e+01
7.823129251700679243e-03 1.102738633724754891e+01
8.163265306122447981e-03 9.312815223225927141e+00
8.503401360544216719e-03 7.783826722292054079e+00
8.843537414965985458e-03 6.700604876176104341e+00
9.183673469387754196e-03 6.247055409957440020e+00
9.523809523809522934e-03 6.499134401080077339e+00
9.863945578231291672e-03 7.410173925552825835e+00
1.020408163265306041e-02 8.815630885274513773e+00
1.054421768707482915e-02 1.045674503003230527e+01
1.088435374149659789e-02 1.201971460444631923e+01
1.122448979591836662e-02 1.318461109316438851e+01
1.156462585034013536e-02 1.367671487326542490e+01
1.190476190476190410e-02 1.331249389383936155e+01
1.224489795918367284e-02 1.203314198464503093e+01
1.258503401360544158e-02 9.920346454992367669e+00
1.292517006802721032e-02 7.191514478842229607e+00
1.326530612244897905e-02 4.174682867852082424e+00
1.360544217687074779e-02 1.266329117132305448e+00
1.394557823129251653e-02 -1.122145786198933903e+00
1.428571428571428527e-02 -2.621756772974202843e+00
1.462585034013605401e-02 -2.958930574545917125e+00
1.496598639455782274e-02 -1.996511319704342924e+00
1.530612244897959148e-02 2.432415688667397546e-01
1.564625850340135849e-02 3.577171024749828732e+00
1.598639455782312896e-02 7.681732382125225911e+00
1.632653061224489596e-02 1.213285578382137864e+01
1.666666666666666644e-02 1.645976730992761716e+01
